24.361397 
24.348639 
24.334200 
23.740414 
24.159719 
23.891834 
24.266315 
24.254160 
22.506479 
24.377739 
23.752562 
22.992649 
23.290148 
23.512154 
23.387953 
21.847786 
21.852133 
23.303272 
24.389921 
24.333668 
24.577734 
24.757416 
25.467005 
25.126568 
25.156757 
22.283794 
23.024549 
25.026522 
23.053482 
22.442932 
21.987288 
23.094530 
22.768175 
21.657051 
23.719437 
24.107449 
24.396503 
23.454071 
22.458204 
21.424309 
21.231485 
19.644913 
18.462626 
18.163801 
17.370537 
19.678215 
20.545454 
19.463364 
20.681717 
22.464914 
22.064951 
22.921450 
23.561262 
24.905062 
22.725161 
21.379124 
22.106985 
24.098631 
24.141493 
24.169771 
23.319614 
20.656101 
22.712149 
22.228170 
21.287287 
21.451889 
21.287811 
22.034460 
22.594540 
22.435192 
20.001673 
21.941847 
21.372072 
22.392557 
23.446083 
23.365435 
21.567265 
23.402103 
23.039734 
22.477308 
22.055374 
23.185699 
23.741953 
22.709974 
21.646597 
22.297197 
22.785067 
23.149927 
20.818920 
20.810257 
20.228460 
20.953390 
21.210058 
21.115055 
23.938004 
22.290230 
23.368484 
25.041891 
23.976732 
22.018089 
20.550871 
18.297947 
18.931973 
17.678028 
16.746605 
18.372725 
17.572851 
18.427208 
18.783663 
15.583995 
17.245876 
17.919420 
18.140007 
16.574482 
17.433435 
16.925411 
17.129055 
19.022341 
21.888378 
21.138744 
19.706347 
21.524601 
21.148561 
22.598927 
21.656218 
22.681423 
23.155506 
24.661753 
24.046989 
23.579191 
23.222916 
24.975571 
25.702971 
25.082491 
26.345314 
26.993353 
30.071634 
29.181950 
28.790947 
29.064455 
27.522505 
26.647837 
25.118742 
24.837692 
22.600872 
22.083923 
23.146250 
24.233206 
23.311859 
22.622299 
22.107805 
24.039177 
24.040070 
24.329176 
24.544613 
25.282877 
23.230335 
25.163532 
24.007011 
23.139856 
23.937510 
25.981335 
25.195339 
24.603670 
24.158976 
21.800957 
22.640862 
22.694668 
22.448301 
23.134047 
21.914072 
21.292446 
21.988052 
22.801744 
21.966869 
23.368402 
23.840418 
24.193110 
24.455822 
21.758533 
20.318560 
21.559017 
20.757013 
23.631392 
21.735664 
22.341984 
23.665432 
22.342154 
22.797653 
22.560911 
22.673429 
23.336769 
22.965431 
22.976246 
20.381105 
22.201153 
21.831165 
22.712685 
21.927233 
21.050819 
21.843382 
20.703527 
20.142111 
19.147455 
20.143803 
21.762472 
22.687166 
22.511272 
20.643082 
25.030577 
28.024042 
26.785099 
26.715452 
26.944368 
26.529406 
24.186836 
24.453926 
25.230474 
24.362503 
25.445518 
25.385609 
24.758644 
23.418890 
24.440037 
27.517971 
25.479061 
25.393913 
24.748938 
25.421164 
25.922503 
23.691744 
21.731674 
20.556904 
20.551353 
18.529472 
19.338511 
19.085693 
18.904751 
20.802242 
21.361017 
23.807352 
25.638779 
23.245625 
22.897205 
23.792995 
24.751888 
25.177731 
25.203327 
24.639891 
23.347061 
23.534786 
20.782852 
23.352806 
23.254372 
22.023628 
23.995766 
23.737015 
22.963541 
24.698132 
25.416929 
23.926834 
23.098076 
22.477524 
24.038837 
26.364704 
24.631435 
22.462364 
23.731075 
24.392469 
23.440397 
22.727053 
22.194073 
20.640385 
21.795309 
22.953312 
21.508234 
21.874680 
23.598015 
26.624210 
27.150255 
26.090677 
27.605131 
23.237061 
23.436241 
23.008394 
17.770906 
18.486624 
16.428995 
14.032132 
13.699221 
13.177289 
12.513963 
11.166861 
12.199436 
16.745525 
15.826060 
18.613516 
23.308107 
21.619291 
25.845068 
31.026268 
37.490250 
44.900826 
50.404945 
57.075546 
66.057175 
76.756386 
79.474937 
77.656410 
83.431580 
91.712601 
99.256683 
97.562378 
103.403603 
108.526802 
113.688698 
117.722359 
121.197258 
129.451294 
142.429810 
153.731903 
165.498611 
177.312241 
184.815094 
181.859268 
177.433914 
180.301147 
182.277954 
187.052917 
194.782242 
201.533676 
205.234283 
212.703339 
218.663544 
226.943909 
238.100327 
243.915070 
249.189392 
258.091370 
261.380371 
265.069702 
271.939911 
272.000671 
275.874664 
280.301453 
283.984100 
285.953827 
291.814423 
296.857269 
305.873901 
312.408264 
314.790405 
322.382446 
327.288971 
331.628998 
334.971619 
340.714233 
348.512115 
352.968384 
358.912079 
364.815765 
369.832672 
377.038055 
380.725067 
381.214172 
395.297241 
397.583313 
396.712463 
400.866150 
402.824127 
404.851318 
408.607300 
415.581543 
417.016266 
424.465363 
429.599670 
433.803192 
439.278320 
441.314026 
442.810181 
443.934906 
446.493988 
451.512848 
459.758087 
466.529846 
469.429626 
471.338654 
474.664520 
474.555023 
476.873474 
479.688477 
479.351715 
483.575012 
487.586395 
492.033508 
493.583069 
494.390900 
493.796967 
494.059967 
491.691223 
493.479889 
492.596191 
494.130676 
493.306549 
493.461060 
498.753021 
500.100525 
500.143127 
498.115356 
496.477173 
502.838776 
507.431061 
508.763397 
512.865112 
514.551331 
518.798157 
522.044678 
518.846680 
517.573547 
516.925110 
518.055969 
511.776520 
508.011505 
506.329651 
500.420197 
494.200317 
485.540588 
476.182159 
462.755676 
454.335663 
443.158569 
431.251495 
422.210114 
411.396088 
399.759735 
385.202148 
374.989960 
363.526306 
351.987213 
335.239258 
319.150665 
301.803162 
280.297028 
265.456268 
241.734009 
220.302902 
206.661301 
189.593842 
187.616684 
176.380936 
159.934952 
144.506790 
124.944412 
106.930534 
99.894943 
84.955315 
69.578629 
61.641712 
51.802593 
41.974869 
33.305576 
23.513889 
20.053076 
14.467087 
11.271764 
 7.835066 
 3.049017 
 1.840987 
-0.441888 
 4.221385 
 5.149951 
 6.424716 
 8.804306 
 7.394887 
 5.436600 
 5.364340 
 4.961217 
 7.471764 
 7.815173 
 7.968180 
 7.390540 
 7.124689 
 7.951420 
 9.298176 
 6.977507 
 8.264391 
 7.042902 
 7.405651 
 8.948824 
 9.922413 
11.906852 
13.194674 
11.351580 
12.653034 
13.703223 
12.824805 
12.811294 
12.864596 
13.831678 
14.900554 
15.462611 
16.508156 
17.044445 
18.351961 
17.920557 
16.762884 
17.373823 
18.729414 
18.326456 
18.339066 
18.083740 
19.361069 
19.471102 
18.704924 
20.462019 
18.614155 
17.535582 
20.503420 
21.294600 
21.030088 
20.263353 
20.277390 
19.430851 
18.229467 
19.076267 
19.432699 
18.553165 
18.771702 
